11 0.9999999999999998
7 0.9999999999999998
39 0.7999999999999998
12 0.7474747474747475
37 0.7272727272727272
27 0.675
25 0.6666666666666666
36 0.6530612244897959
16 0.6363636363636364
19 0.6363636363636362
34 0.6274509803921569
24 0.625
33 0.6136363636363636
6 0.6120689655172413
9 0.5983606557377049
18 0.5925925925925926
32 0.5789473684210527
1 0.5555555555555556
3 0.55
26 0.5454545454545454
5 0.5454545454545454
14 0.5384615384615384
2 0.525
22 0.5238095238095238
17 0.5238095238095238
23 0.5128205128205128
10 0.5128205128205128
38 0.5051546391752577
31 0.5
4 0.5
8 0.48717948717948717
28 0.47368421052631576
15 0.4583333333333333
20 0.4528301886792453
0 0.44444444444444436
